best_model=random_forest
run_id=9e313a3d63b54ad1b1e57d458cfe6437
rmse=297952.63309806376
mae=115798.81303122341
r2=0.7090943135090417